# This file may be used to create an environment using:
# $ conda create --name <env> --file <this file>
# platform: linux-64
_tflow_select=2.3.0=mkl
absl-py=0.6.1=py36_0
astor=0.7.1=py36_0
blas=1.0=mkl
bleach=1.5.0=py36_0
bzip2=1.0.6=3
c-ares=1.15.0=h7b6447c_1
ca-certificates=2018.03.07=0
cairo=1.14.12=h8948797_3
certifi=2016.2.28=py36_0
cffi=1.10.0=py36_0
cloudpickle=0.4.0=py36_0
cudatoolkit=9.0=h13b8566_0
cudnn=7.1.2=cuda9.0_0
curl=7.26.0=1
cycler=0.10.0=py36_0
cytoolz=0.8.2=py36_0
dask-core=1.0.0=py36_0
dbus=1.13.2=h714fa37_1
decorator=4.1.2=py36_0
entrypoints=0.2.3=py36_0
expat=2.2.6=he6710b0_0
ffmpeg=4.0=hcdf2ecd_0
fontconfig=2.13.0=h9420a91_0
freeglut=2.8.1=0
freetype=2.9.1=h8a8886c_1
gast=0.2.0=py36_0
git=2.19.1=pl526hacde149_0
glib=2.56.2=hd408876_0
graphite2=1.3.12=h23475e2_2
grpcio=1.16.0=py36hf8bcb03_0
gst-plugins-base=1.14.0=hbbd80ab_1
gstreamer=1.14.0=hb453b48_1
h5py=2.8.0=py36h989c5e5_3
harfbuzz=1.8.8=hffaf4a1_0
hdf5=1.10.2=hba1933b_1
html5lib=0.9999999=py36_0
icu=58.2=h9c2bf20_1
imageio=2.4.1=py36_0
intel-openmp=2019.1=144
ipykernel=4.6.1=py36_0
ipython=6.1.0=py36_0
ipython_genutils=0.2.0=py36_0
ipywidgets=6.0.0=py36_0
jasper=2.0.14=h07fcdf6_0
jbig=2.1=0
jedi=0.10.2=py36_2
jinja2=2.9.6=py36_0
jpeg=9b=0
jsonschema=2.6.0=py36_0
jupyter=1.0.0=py36_3
jupyter_client=5.1.0=py36_0
jupyter_console=5.2.0=py36_0
jupyter_core=4.3.0=py36_0
keras=2.2.4=0
keras-applications=1.0.6=py36_0
keras-base=2.2.4=py36_0
keras-preprocessing=1.0.5=py36_0
kiwisolver=1.0.1=py36hf484d3e_0
krb5=1.13.2=0
libcurl=7.62.0=h20c2e04_0
libedit=3.1.20170329=h6b74fdf_2
libffi=3.2.1=1
libgcc=5.2.0=0
libgcc-ng=8.2.0=hdf63c60_1
libgfortran=3.0.0=1
libgfortran-ng=7.3.0=hdf63c60_0
libglu=9.0.0=hf484d3e_1
libiconv=1.14=0
libopenblas=0.3.3=h5a2b251_3
libopencv=3.4.2=hb342d67_1
libopus=1.3=h7b6447c_0
libpng=1.6.35=hbc83047_0
libprotobuf=3.6.1=hd408876_0
libsodium=1.0.10=0
libssh2=1.8.0=h1ba5d50_4
libstdcxx-ng=8.2.0=hdf63c60_1
libtiff=4.0.9=he85c1e1_2
libuuid=1.0.3=0
libvpx=1.7.0=h439df22_0
libxcb=1.13=h1bed415_1
libxml2=2.9.8=h26e45fe_1
markdown=3.0.1=py36_0
markupsafe=1.0=py36_0
matplotlib=2.2.3=py36hb69df0a_0
mistune=0.7.4=py36_0
mkl=2018.0.3=1
mkl_fft=1.0.6=py36h7dd41cf_0
mkl_random=1.0.1=py36h629b387_0
nbconvert=5.2.1=py36_0
nbformat=4.4.0=py36_0
nccl=1.3.5=cuda9.0_0
ncurses=6.1=he6710b0_1
networkx=1.11=py36_0
ninja=1.7.2=0
notebook=5.0.0=py36_0
numpy=1.15.1=py36h1d66e8a_0
numpy-base=1.15.1=py36h81de0dd_0
olefile=0.44=py36_0
openblas=0.2.19=0
openssl=1.1.1a=h7b6447c_0
pandas=0.20.3=py36_0
pandocfilters=1.4.2=py36_0
path.py=10.3.1=py36_0
pcre=8.42=h439df22_0
perl=5.26.2=h14c3975_0
pexpect=4.2.1=py36_0
pickleshare=0.7.4=py36_0
pillow=5.2.0=py36heded4f4_0
pip=9.0.1=py36_1
pixman=0.34.0=0
progress=1.4=py36_0
prompt_toolkit=1.0.15=py36_0
protobuf=3.6.1=py36he6710b0_0
ptyprocess=0.5.2=py36_0
py-opencv=3.4.2=py36hb342d67_1
pycparser=2.18=py36_0
pygments=2.2.0=py36_0
pyparsing=2.2.0=py36_0
pyqt=5.9.2=py36h05f1152_2
python=3.6.7=h0371630_0
python-dateutil=2.7.3=py36_0
pytorch=0.4.0=py36hdf912b8_0
pytz=2018.5=py36_0
pywavelets=1.0.1=py36hdd07704_0
pyyaml=3.12=py36_0
pyzmq=16.0.2=py36_0
qt=5.9.7=h5867ecd_1
qtconsole=4.3.1=py36_0
readline=7.0=ha6073c6_4
scikit-image=0.14.1=py36he6710b0_0
scikit-learn=0.20.1=py36h4989274_0
scipy=1.1.0=py36hfa4b5c9_1
setuptools=36.4.0=py36_1
simplegeneric=0.8.1=py36_1
sip=4.19.8=py36hf484d3e_0
six=1.11.0=py36_1
sqlite=3.25.3=h7b6447c_0
tensorboard=1.12.0=py36hf484d3e_0
tensorflow=1.12.0=mkl_py36h69b6ba0_0
tensorflow-base=1.12.0=mkl_py36h3c3e929_0
termcolor=1.1.0=py36_0
terminado=0.6=py36_0
testpath=0.3.1=py36_0
tk=8.6.8=hbc83047_0
toolz=0.8.2=py36_0
torchvision=0.2.1=py36_0
tornado=4.5.2=py36_0
traitlets=4.3.2=py36_0
wcwidth=0.1.7=py36_0
werkzeug=0.14.1=py36_0
wheel=0.29.0=py36_0
widgetsnbextension=3.0.2=py36_0
xz=5.2.4=h14c3975_4
yaml=0.1.6=0
zeromq=4.1.5=0
zlib=1.2.11=0
